0
1
2
3
4


12


11


10
17
24






2


4
5


13


12


11


3


5
6


14


13


12


4


6
7


15


14


13


5


7
15


14


6


8
9
10
11
3


4


12


20


19
27
35
43








18
25
32






10
9
8






2


12
4


5


13


21


20


19
26
33






11


3


13
5


6


14


22


21


20


12


4


14
6


7


15


23


22


21


13


5


15
7


23


22


14


6


16
17
18
19
20
12


13


21


29


28
36




27
34




19
18
17
16








11


21
13


14


22


30


29


28
35
42






20


12


22
14


15


23


31


30


29


21


13


23
15


31


30


22


14


24
25
26
27
28
29
21


22


30


38


37


36


28
27
26
25
24










20


30
22


23


31


39


38


37


29


21


63
0
1
2
3
4


12


11


10
17
24






2


4
5


13


12


11


3


5
6


14


13


12


4


6
7


15


14


13


5


7
15


14


6


8
9
10
11
3


4


12


20


19
27
35
43








18
25
32






10
9
8






2


12
4


5


13


21


20


19
26
33






11


3


13
5


6


14


22


21


20


12


4


14
6


7


15


23


22


21


13


5


15
7


23


22


14


6


16
17
18
19
20
12


13


21


29


28
36




27
34




19
18
17
16








11


21
13


14


22


30


29


28
35
42






20


12


22
14


15


23


31


30


29


21


13


23
15


31


30


22


14


24
25
26
27
28
29
21


22


30


38


37


36


28
27
26
25
24










20


30
22


23


31


39


38


37


29


21


63
B: 81f0f0700
W: 1000000007
O: 100000
B: 13 ---- W: 4

    A   B   C   D   E   F   G   H 
  +---+---+---+---+---+---+---+---+
1 | W | W | W |   |   |   |   |   |
  +---+---+---+---+---+---+---+---+
2 | B | B | B |   |   |   |   |   |
  +---+---+---+---+---+---+---+---+
3 | B | B | B | B | # |   |   |   |
  +---+---+---+---+---+---+---+---+
4 | B | B | B | B | B |   |   |   |
  +---+---+---+---+---+---+---+---+
5 |   |   |   | B | W |   |   |   |
  +---+---+---+---+---+---+---+---+
6 |   |   |   |   |   |   |   |   |
  +---+---+---+---+---+---+---+---+
7 |   |   |   |   |   |   |   |   |
  +---+---+---+---+---+---+---+---+
8 |   |   |   |   |   |   |   |   |
  +---+---+---+---+---+---+---+---+

W's: goodbye
